>> s=2;
>>  p1 = s^3 + 5*s^2 + 3*s + 10

p1 =

    44

>> clear
>> s=2;
>> p2 = s^4 + 7*s^3 + 5*s^2 + 8*s + 15

p2 =

   123

>> clear
>> s=3;
>> p3 = s^5 + 15*s^4 + 10*s^3 + 6*s^2 + 3*s + 9

p3 =

        1800

>> b = p1 * p2 * p3

b =

     9741600

>> c = p1 * p2 / p3

c =

    3.0067
