>> num = [5 7 8 30];
>> den = [1 15 62 85 25];
>> [c,p,k]= residue(num,den)

c =

    8.9278
   -4.6370
    0.0578
    0.6514


p =

   -9.2690
   -3.2633
   -2.0680
   -0.3997


k =

     []
